TESTCASE 0
OUTER 4
10 0
10 10
0 10
0 0
HOLES 1
4
3 3
3 7
7 7
7 3
TRIANGLES 8
3 3 3 7 0 10
0 0 7 3 3 3
0 0 3 3 0 10
10 0 0 0 7 3
3 7 10 10 0 10
7 7 3 7 10 10
7 3 7 7 10 10
10 0 7 3 10 10
GUARDS 3
10 0
3 3
0 0
END
TESTCASE 1
OUTER 4
0 0
14 0
14 14
0 14
HOLES 1
3
9.1651 5.75
4.8349 5.75
7 9.5
TRIANGLES 7
4.8349 5.75 7 9.5 0 14
0 0 9.1651 5.75 4.8349 5.75
0 0 4.8349 5.75 0 14
14 0 0 0 9.1651 5.75
7 9.5 14 14 0 14
9.1651 5.75 7 9.5 14 14
14 0 9.1651 5.75 14 14
GUARDS 3
0 0
7 9.5
14 0
END
TESTCASE 2
OUTER 4
0 0
14 0
14 14
0 14
HOLES 1
4
8.7678 5.2322
5.2322 5.2322
5.2322 8.7678
8.7678 8.7678
TRIANGLES 8
5.2322 5.2322 5.2322 8.7678 0 14
0 0 8.7678 5.2322 5.2322 5.2322
0 0 5.2322 5.2322 0 14
14 0 0 0 8.7678 5.2322
5.2322 8.7678 14 14 0 14
8.7678 8.7678 5.2322 8.7678 14 14
8.7678 5.2322 8.7678 8.7678 14 14
14 0 8.7678 5.2322 14 14
GUARDS 3
14 14
5.2322 5.2322
0 0
END
TESTCASE 3
OUTER 4
0 0
14 0
14 14
0 14
HOLES 1
5
9.3776 7.7725
8.4695 4.9775
5.5305 4.9775
4.6224 7.7725
7 9.5
TRIANGLES 9
8.4695 4.9775 9.3776 7.7725 14 14
14 0 0 0 8.4695 4.9775
14 0 8.4695 4.9775 14 14
4.6224 7.7725 7 9.5 0 14
5.5305 4.9775 4.6224 7.7725 0 14
0 0 8.4695 4.9775 5.5305 4.9775
0 0 5.5305 4.9775 0 14
7 9.5 0 14 14 14
9.3776 7.7725 7 9.5 14 14
GUARDS 3
0 14
7 9.5
8.4695 4.9775
END
TESTCASE 4
OUTER 7
-175 -9
-361 98
-270 -50
138 -251
116 -33
11 133
-216 126
HOLES 1
4
13 71
68 -150
-71 -70
-80 88
TRIANGLES 11
-175 -9 -361 98 -270 -50
-175 -9 -80 88 -216 126
-71 -70 -270 -50 -175 -9
-71 -70 -175 -9 -80 88
68 -150 -71 -70 -270 -50
138 -251 68 -150 -270 -50
-80 88 -216 126 11 133
13 71 -80 88 11 133
116 -33 13 71 11 133
68 -150 116 -33 13 71
138 -251 68 -150 116 -33
GUARDS 4
11 133
-175 -9
68 -150
-216 126
END
